C=0.5;
R=5;